##FastQC	0.12.1
>>Basic Statistics	pass
#Measure	Value
Filename	TRIM_minlen36_mus_musculus_CEBPA_liver_ERR005132.sam
File type	Conventional base calls
Encoding	Sanger / Illumina 1.9
Total Sequences	490042
Total Bases	19 Mbp
Sequences flagged as poor quality	0
Sequence length	36-42
%GC	34
>>END_MODULE
>>Per base sequence quality	pass
#Base	Mean	Median	Lower Quartile	Upper Quartile	10th Percentile	90th Percentile
1	38.63776574252819	40.0	40.0	40.0	40.0	40.0
2	38.7804616747136	40.0	40.0	40.0	40.0	40.0
3	38.881516278196564	40.0	40.0	40.0	40.0	40.0
4	38.95848723170667	40.0	40.0	40.0	40.0	40.0
5	38.93822366246158	40.0	40.0	40.0	40.0	40.0
6	38.866699180886535	40.0	40.0	40.0	40.0	40.0
7	38.938644034592954	40.0	40.0	40.0	40.0	40.0
8	38.823959987103144	40.0	40.0	40.0	40.0	40.0
9	38.817744193354855	40.0	40.0	40.0	40.0	40.0
10	38.664571608147874	40.0	40.0	40.0	40.0	40.0
11	38.671989339689254	40.0	40.0	40.0	40.0	40.0
12	38.306849208843325	40.0	40.0	40.0	40.0	40.0
13	38.56386595434677	40.0	40.0	40.0	40.0	40.0
14	38.50083666297991	40.0	40.0	40.0	40.0	40.0
15	38.07447320841887	40.0	40.0	40.0	36.0	40.0
16	37.979073222295234	40.0	40.0	40.0	35.0	40.0
17	37.90501222344207	40.0	40.0	40.0	33.0	40.0
18	37.84028103713559	40.0	40.0	40.0	32.0	40.0
19	37.545869537713095	40.0	40.0	40.0	30.0	40.0
20	37.213700050199776	40.0	40.0	40.0	28.0	40.0
21	36.92206994502512	40.0	40.0	40.0	26.0	40.0
22	35.445816889164604	40.0	37.0	40.0	20.0	40.0
23	35.52176548132609	40.0	37.0	40.0	20.0	40.0
24	35.18443317103432	40.0	35.0	40.0	19.0	40.0
25	34.9203251966158	40.0	34.0	40.0	19.0	40.0
26	34.884340525914105	40.0	33.0	40.0	19.0	40.0
27	33.879961309438784	40.0	30.0	40.0	16.0	40.0
28	33.90391435836112	40.0	30.0	40.0	17.0	40.0
29	33.15811909999551	40.0	28.0	40.0	15.0	40.0
30	32.80603091163614	40.0	27.0	40.0	15.0	40.0
31	32.28581019586076	40.0	25.0	40.0	14.0	40.0
32	31.34375624946433	40.0	23.0	40.0	12.0	40.0
33	30.86927447035152	38.0	23.0	40.0	12.0	40.0
34	29.9476575477204	36.0	21.0	40.0	11.0	40.0
35	28.188485884883338	32.0	17.0	40.0	9.0	40.0
36	28.503181359965065	31.0	20.0	40.0	10.0	40.0
37	28.277551795553524	31.0	20.0	40.0	10.0	40.0
38	27.92370970313654	30.0	19.0	40.0	9.0	40.0
39	28.402727978412745	31.0	20.0	40.0	10.0	40.0
40	28.29529617184244	31.0	20.0	40.0	9.0	40.0
41	27.99079000096729	30.0	20.0	40.0	9.0	40.0
42	35.16309109650818	40.0	30.0	40.0	23.0	40.0
>>END_MODULE
>>Per sequence quality scores	pass
#Quality	Count
25	7.0
26	70.0
27	428.0
28	1438.0
29	3920.0
30	8267.0
31	16029.0
32	28547.0
33	47995.0
34	72451.0
35	92679.0
36	98325.0
37	76521.0
38	35319.0
39	7366.0
40	680.0
>>END_MODULE
>>Per base sequence content	fail
#Base	G	A	T	C
1	14.162821647678372	33.203382935270795	32.64508004522029	19.988715371830544
2	18.91045940987304	33.00882207521034	30.835992759278707	17.244725755637916
3	16.541847433485295	32.7084209108607	33.15899453516229	17.590737120491713
4	17.267091392166385	31.808702111247605	34.34113810652965	16.58306839005636
5	17.145265099726146	31.589945351622923	36.00364866684897	15.261140881801968
6	17.719705657882386	31.953995779953555	32.60924573812041	17.717052824043652
7	17.127715583562225	30.890005346480503	35.343297105146085	16.63898196481118
8	17.469523020475798	30.984282979826215	33.77506417817248	17.771129821525502
9	17.193016108823326	30.977752927300106	33.8364874847462	17.99274347913036
10	18.09273490843642	32.00276710975794	30.96693752780374	18.937560454001904
11	18.436416544738094	31.001079501511096	32.89622705038966	17.666276903361148
12	18.497837071652363	30.55120972847999	32.92062726964507	18.03032593022258
13	17.431567090167782	31.243036311173327	34.00382008072778	17.321576517931117
14	16.5530343998645	31.051300836069558	34.71882391114032	17.676840852925633
15	16.38218151540383	30.465829129320337	34.74473886140635	18.407250493869487
16	16.11751661156754	30.57223986121567	35.09029982651959	18.219943700697193
17	16.03240172585951	30.665043993898642	35.2081874187047	18.094366861537143
18	16.694691475424555	30.397802637324965	35.26738524453006	17.64012064272042
19	17.00817581053998	30.510916727553255	34.943732626912826	17.537174834993937
20	17.88357021917131	30.119664962613633	34.93056817880098	17.066196639414073
21	17.416471607086688	30.519981862522826	35.10153310702337	16.962013423367118
22	17.834458624864485	29.352448657510532	34.386350319212575	18.42674239841241
23	17.132181433419518	29.75832141231881	35.095126634845556	18.01437051941612
24	17.017424987652706	28.82408885151821	36.26185237945574	17.896633781373346
25	16.574662304877627	28.59005781479267	37.039017332193225	17.796262548136475
26	17.014714557185517	28.754722680911083	36.45858634928346	17.771976412619942
27	16.694794368473573	27.867035898021946	36.751444308170775	18.686725425333705
28	16.075968998575632	27.913321715281548	36.39932903710294	19.61138024903988
29	15.879323362887268	27.45815011325712	36.69530663316357	19.967219890692046
30	16.374514837503725	26.966055970712716	36.680529424008554	19.978899767775008
31	14.565838906041789	26.32801196644335	39.36070133479716	19.745447792717695
32	14.501758475484422	24.505371361854046	41.31141651681013	19.681453645851406
33	15.6251913101326	23.971210630925512	41.22524191803968	19.17835614090221
34	15.324290515652836	24.203583796391715	41.76075781723495	18.711367870720494
35	14.15470323548318	24.979644311120634	42.08556531676309	18.780087136633096
36	15.02757943755497	22.940214962482578	42.585590126500136	19.446615473462316
37	14.05718840803312	22.85839183316619	43.392218879374624	19.692200879426057
38	14.287482411798427	22.69464276408359	44.440825472927195	18.577049351190787
39	13.139195794143015	22.864418614202982	43.97461699593379	20.021768595720214
40	13.762014792306312	21.76800768102639	48.22218001878053	16.24779750788677
41	13.21366139474466	22.334155559701234	43.01694891832321	21.435234127230892
42	9.859124683245286	18.485590344886827	56.25563716015978	15.399647811708114
>>END_MODULE
>>Per sequence GC content	pass
#GC Content	Count
0	1071.0
1	666.5
2	262.0
3	262.0
4	260.5
5	259.0
6	312.0
7	437.5
8	600.0
9	860.0
10	1104.0
11	1444.5
12	1939.0
13	2617.5
14	3371.0
15	4472.0
16	5597.5
17	6310.5
18	8044.5
19	9882.5
20	11842.0
21	14544.0
22	16707.5
23	19635.5
24	23845.5
25	27887.5
26	33729.5
27	39351.5
28	43151.5
29	48352.0
30	53743.5
31	58007.5
32	61582.0
33	64175.0
34	65335.5
35	64665.5
36	62264.5
37	59232.5
38	55130.0
39	49498.0
40	43996.5
41	40398.0
42	36928.0
43	32317.0
44	28682.5
45	25499.5
46	21249.5
47	17945.5
48	16728.5
49	14734.5
50	12015.5
51	9744.5
52	8335.5
53	7576.5
54	6124.0
55	4791.5
56	4110.0
57	3359.5
58	2498.5
59	2062.5
60	1653.0
61	1231.0
62	1008.5
63	796.5
64	561.0
65	394.5
66	291.5
67	237.5
68	185.0
69	134.5
70	103.0
71	72.5
72	52.5
73	47.0
74	35.0
75	21.5
76	20.5
77	20.0
78	18.0
79	16.0
80	13.0
81	11.5
82	9.5
83	7.0
84	6.5
85	7.5
86	8.0
87	8.0
88	8.0
89	6.0
90	4.0
91	4.5
92	6.0
93	7.5
94	7.5
95	7.0
96	8.5
97	10.0
98	10.0
99	16.0
100	22.0
>>END_MODULE
>>Per base N content	pass
#Base	N-Count
1	0.17978050860946612
2	0.11998971516727137
3	0.0
4	0.0
5	0.0
6	0.0
7	0.0
8	0.0
9	0.0
10	0.0
11	2.0406414144093771E-4
12	0.08733945253672133
13	0.0
14	0.002244705555850315
15	0.0069381808089918826
16	0.25018263740658964
17	0.06428020455389538
18	0.0
19	0.012243848486456264
20	0.08672726011239854
21	0.0914207353655401
22	0.04958758637014786
23	0.002244705555850315
24	0.011427591920692513
25	0.005917860101787194
26	0.024283632831471585
27	0.003060962121614066
28	0.0
29	0.2716093722578881
30	0.0
31	0.0010203207072046886
32	0.026324274245880967
33	0.0
34	6.121924243228131E-4
35	0.001428448990086564
36	6.121924243228131E-4
37	0.19683978473375302
38	0.09404092895516948
39	0.002875014888469958
40	0.005802636507023827
41	0.003454613290588252
42	0.0
>>END_MODULE
>>Sequence Length Distribution	warn
#Length	Count
36	100385.0
37	82344.0
38	63836.0
39	53908.0
40	44835.0
41	51602.0
42	93132.0
>>END_MODULE
>>Sequence Duplication Levels	pass
#Total Deduplicated Percentage	90.90204775028324
#Duplication Level	Percentage of total
1	88.80960696997637
2	2.4475521812715377
3	0.9283341742962468
4	0.5299820592586336
5	0.3463671395453987
6	0.3001670217587031
7	0.30448245684823094
8	0.22394735329429546
9	0.19378641688066114
>10	4.090897058688098
>50	1.1102898268672245
>100	0.5267203528081805
>500	0.1878669885064381
>1k	0.0
>5k	0.0
>10k+	0.0
>>END_MODULE
>>Overrepresented sequences	warn
#Sequence	Count	Percentage	Possible Source
AAAAAAAAAAAAAAAAAAAAAAAAAAAAAAAAAAAAAAAAAA	922	0.18814713840854458	No Hit
>>END_MODULE
>>Adapter Content	pass
#Position	Illumina Universal Adapter	Illumina Small RNA 3' Adapter	Illumina Small RNA 5' Adapter	Nextera Transposase Sequence	PolyA	PolyG
1	0.0	0.0	0.0	0.0	0.22855183841385024	0.0
2	0.0	0.0	0.0	0.0	0.2369184682129287	0.0
3	0.0	0.0	0.0	0.0	0.24242820003183402	0.0
4	0.0	0.0	0.0	0.0	0.24610135457777088	0.0
5	0.0	0.0	0.0	0.0	0.24957044498226683	0.0
6	0.0	0.0	0.0	0.0	0.25303953538676277	0.0
7	0.0	0.0	0.0	0.0	0.25732488235702244	0.0
8	0.0	0.0	0.0	0.0	0.26038584447863655	0.0
9	0.0	0.0	0.0	0.0	0.2640589990245734	0.0
10	0.0	0.0	0.0	0.0	0.26711996114618747	0.0
11	0.0	0.0	0.0	0.0	0.27201750054076995	0.0
12	0.0	0.0	0.0	0.0	0.2754865909452659	0.0
13	0.0	0.0	0.0	0.0	0.28058819448128935	2.0406414144093771E-4
14	0.0	0.0	0.0	0.0	0.2842613490272262	2.0406414144093771E-4
15	0.0	0.0	0.0	0.0	0.2873223111488403	2.0406414144093771E-4
16	0.0	0.0	0.0	0.0	0.28977108084613157	2.0406414144093771E-4
17	0.0	0.0	0.0	0.0	0.2928320429677456	2.0406414144093771E-4
18	0.0	0.0	0.0	0.0	0.29670926165512346	2.0406414144093771E-4
19	0.0	0.0	0.0	2.0406414144093771E-4	0.2991580313524147	2.0406414144093771E-4
20	0.0	0.0	0.0	2.0406414144093771E-4	0.30283118589835156	2.0406414144093771E-4
21	0.0	0.0	0.0	2.0406414144093771E-4	0.307932789434375	4.0812828288187543E-4
22	0.0	0.0	0.0	4.0812828288187543E-4	0.314462841960485	0.0010203207072046886
23	0.0	0.0	0.0	4.0812828288187543E-4	0.31895225307218567	0.0012243848486456262
24	0.0	0.0	0.0	6.121924243228131E-4	0.32405385660820907	0.0018365772729684393
25	0.0	0.0	0.0	6.121924243228131E-4	0.33017578085143723	0.0026528338387321903
26	0.0	0.0	0.0	6.121924243228131E-4	0.33405299953881507	0.0032650262630550034
27	0.0	0.0	0.0	6.121924243228131E-4	0.33731802580187004	0.0038772186873778165
28	0.0	0.0	0.0	6.121924243228131E-4	0.3409911803478069	0.004285346970259692
29	0.0	0.0	0.0	6.121924243228131E-4	0.34446027075230284	0.005305667677464381
30	0.0	0.0	0.0	6.121924243228131E-4	0.34813342529823976	0.0063259883846690694
31	0.0	0.0	0.0	6.121924243228131E-4	0.3509903232784129	0.008162565657637509
>>END_MODULE
